20
218492221 46085
3 7 1 999969453
186 75
68 16 539 186
198 81
8 5 7 83495
1000000000 100000
999999999 1 999999999 1000000000
98 59
6 30 524 98
693840425 90561
2 6 7 999957328
840698758 13331
8 7 10 999955808
28 21
6 5 1 85919
1000000000 1
12 7 74 12
82 81
58 56 739 82
1000000000 100000
1 1 1 1000000000
45068754 29153
2 9 5 999904402
497151700 96511
9 7 6 999919625
714311129 39521
9 5 9 999998192
177 73
7 7 5 56401
112 73
1 5 3 64100
1000000000 100000
1 1 0 2
977365070 59489
8 5 9 999966210
110 53
7 7 1 64417
1000000000 100000
100000 1 0 1000000000
