20
28557 13495 1138 1991 385 23252 10801 56 19 77 36
35277 38250 2 199 1349 28136 16549 49 90 40 96
4718 7077 134 115 1000000 3964 4597 7 20 29 77
39491 39608 20414 20014 3 22564 17425 7 17 95 40
39078 39880 20882 20735 3 22243 24336 53 36 6 40
192 223 29 170 28 25 108 89 74 40 51
8497 2343 94 193 1000000 5999 1852 70 15 92 16
24576 30148 1171 1922 740 19787 13047 34 74 34 11
35728 35276 139 460 1000000 14745 27690 33 97 8 69
9883 7515 100 76 1000000 9567 1921 35 86 77 52
35510 11125 1346 1407 395 35248 9485 18 91 26 9
6503 8478 146 197 1000000 332 8138 33 8 90 43
703 687 125 343 321 68 78 38 8 2 66
6 10 3 2 2 0 0 5 4 3 2
36478 39536 170 1 1442 22516 31242 4 70 37 6
4 4 1 1 3 1 1 2 2 2 2
4 4 2 2 1 0 2 1 2 3 4
39843 39881 20522 20114 3 11897 5279 74 89 96 58
5134 2621 141 183 1000000 2309 282 36 56 66 26
1163 9027 94 86 1000000 1054 6993 92 90 59 19
