20
26 26 306 12 493 185 112 271 251 27 122 132 100 190 178 480 497 46 193 372 278 267 322 79 459 3 111 448 113 468 238 308 112 260 77 305 318 26 219 77 301 66 321 187 187 287 251 134 49 104 84 385 64 196
15 29 14 483 67 32 113 320 22 162 28 300 89 160 339 309 5 134 311 137 42 441 242 453 149 27 212 346 66 193 488 404 184 36 103 340 495 345 282 400 103 274 209 473 131 482 215 380 488 1 488 369 434 204 91 390 65 455 94 257
2 25 222 384 433 221 157 460 194 418 128 87 139 220 163 467 163 364 60 350 294 386 346 274 202 53 466 19 453 484 400 166 377 351 28 101 335 485 412 269 48 381 409 407 339 82 468 419 255 17 223 446
20 32 138 31 154 315 58 335 236 225 76 190 295 62 333 70 259 331 266 276 393 480 377 228 303 366 477 479 17 248 224 144 71 323 82 379 258 309 335 337 262 500 413 354 371 185 365 144 438 13 23 131 45 260 22 127 352 132 480 403 302 193 240 473 495 159
3 3 339 250 301 199 109 34
8 10 307 269 76 69 324 60 457 440 305 47 93 76 249 191 112 35 91 10 276 259
2 2 118 80 400 316
6 14 421 383 202 185 39 19 217 35 309 4 168 151 187 60 204 18 208 183 322 43 393 172 69 7 298 16 310 144
25 47 2 3 5 7 11 13 17 19 23 29 31 37 41 43 47 53 59 61 67 71 73 79 83 89 97 101 103 107 109 113 127 131 137 139 149 151 157 163 167 173 179 181 191 193 197 199 211 223 227 229 233 239 241 251 257 263 269 271 277 281 283 293 307 311 313 317 331 337 347 349 353 359 367 373 379 383 389 397 401 409 419 421 431 433 439 443 449 457 461 463 467 479 487 491
20 47 2 3 5 7 11 13 17 19 23 29 31 37 41 43 47 53 59 61 67 71 73 79 83 89 97 101 103 107 109 113 127 131 137 139 149 151 157 163 167 173 179 181 191 193 197 199 211 223 227 229 233 239 241 251 257 263 269 271 277 281 283 293 307 311 313 317 331 337 347 349 353 359 367 373 379 383 389 397 401 409 419 421 431 433 439 443 449 457 461 463 467 479 487 491
29 47 2 3 5 7 11 13 17 19 23 29 31 37 41 43 47 53 59 61 67 71 73 79 83 89 97 101 103 107 109 113 127 131 137 139 149 151 157 163 167 173 179 181 191 193 197 199 211 223 227 229 233 239 241 251 257 263 269 271 277 281 283 293 307 311 313 317 331 337 347 349 353 359 367 373 379 383 389 397 401 409 419 421 431 433 439 443 449 457 461 463 467 479 487 491
10 13 425 166 275 107 382 87 458 332 392 110 82 78 21 17 164 30 473 398 238 74 261 138 258 176 342 68
26 47 2 3 5 7 11 13 17 19 23 29 31 37 41 43 47 53 59 61 67 71 73 79 83 89 97 101 103 107 109 113 127 131 137 139 149 151 157 163 167 173 179 181 191 193 197 199 211 223 227 229 233 239 241 251 257 263 269 271 277 281 283 293 307 311 313 317 331 337 347 349 353 359 367 373 379 383 389 397 401 409 419 421 431 433 439 443 449 457 461 463 467 479 487 491
17 30 413 176 113 488 431 73 89 320 236 61 444 144 276 65 322 263 201 473 4 123 28 389 399 359 487 67 160 447 111 133 174 132 384 359 91 39 158 335 63 89 210 473 134 453 271 451 91 474 438 94 136 397 316 231 454 23 40 400 427 415
31 34 8 275 478 259 27 268 132 132 38 166 226 92 470 156 229 57 263 447 40 450 297 353 474 85 177 359 455 115 240 77 454 151 370 43 155 426 154 101 230 129 246 416 143 322 26 448 483 252 214 193 223 424 251 102 94 248 38 307 498 272 228 306 228 326 364 433 306 248
34 47 2 3 5 7 11 13 17 19 23 29 31 37 41 43 47 53 59 61 67 71 73 79 83 89 97 101 103 107 109 113 127 131 137 139 149 151 157 163 167 173 179 181 191 193 197 199 211 223 227 229 233 239 241 251 257 263 269 271 277 281 283 293 307 311 313 317 331 337 347 349 353 359 367 373 379 383 389 397 401 409 419 421 431 433 439 443 449 457 461 463 467 479 487 491
12 28 144 478 137 267 363 219 180 48 35 115 62 183 323 197 12 47 237 484 130 307 406 213 78 362 430 469 230 158 375 394 439 353 403 123 379 268 368 65 39 397 241 257 229 208 364 468 303 491 488 110 308 379 16 250 100 55
2 7 250 87 412 239 48 46 108 67 64 64 30 18 110 78
1 23 491 352 487 40 239 344 241 309 442 55 140 46 227 488 495 312 220 182 245 491 413 111 10 137 422 205 377 41 136 273 204 155 257 246 101 265 228 439 409 46 166 295 107 123 291 60
21 47 2 3 5 7 11 13 17 19 23 29 31 37 41 43 47 53 59 61 67 71 73 79 83 89 97 101 103 107 109 113 127 131 137 139 149 151 157 163 167 173 179 181 191 193 197 199 211 223 227 229 233 239 241 251 257 263 269 271 277 281 283 293 307 311 313 317 331 337 347 349 353 359 367 373 379 383 389 397 401 409 419 421 431 433 439 443 449 457 461 463 467 479 487 491
